001
002
003
005
007
008
010
011
012
013
014
015
017
019
020
021
022
023
024
025
026
027
028
030
031
032
033
034
035
036
037
039
040
041
042
043
044
045
046
048
050
051
052
056
058
060
061
062
063
064
065
066
068
069
070
071
072
073
076
077
080
081
082
083
084
085
086
087
088
089
090
091
093
094
095
096
097
098
100
102
103
104
105
106
107
109
110
111
112
113
114
115
116
117
118
119
123
125
126
127
128
129
130
131
132
133
134
135
136
137
138
139
140
142
143
145
147
148
151
152
154
156
157
158
160
161
162
163
164
166
167
